"adj_rand" "est" "T" "seed"
1 "MAP" 0.05 2015
1 "MAP" 0.1 2015
1 "MAP" 0.15 2015
1 "MAP" 0.2 2015
1 "MAP" 0.25 2015
1 "MAP" 0.3 2015
1 "MAP" 0.35 2015
1 "MAP" 0.4 2015
1 "MAP" 0.45 2015
1 "MAP" 0.5 2015
1 "MAP" 0.55 2015
1 "MAP" 0.6 2015
1 "MAP" 0.65 2015
1 "MAP" 0.7 2015
1 "MAP" 0.75 2015
1 "MAP" 0.8 2015
1 "MAP" 0.85 2015
1 "MAP" 0.9 2015
1 "MAP" 0.95 2015
1 "MAP" 1 2015
1 "MAP" 0.05 2016
1 "MAP" 0.1 2016
1 "MAP" 0.15 2016
1 "MAP" 0.2 2016
1 "MAP" 0.25 2016
1 "MAP" 0.3 2016
1 "MAP" 0.35 2016
1 "MAP" 0.4 2016
1 "MAP" 0.45 2016
1 "MAP" 0.5 2016
1 "MAP" 0.55 2016
1 "MAP" 0.6 2016
1 "MAP" 0.65 2016
1 "MAP" 0.7 2016
1 "MAP" 0.75 2016
1 "MAP" 0.8 2016
1 "MAP" 0.85 2016
1 "MAP" 0.9 2016
1 "MAP" 0.95 2016
1 "MAP" 1 2016
0.549356223175966 "MAP" 0.05 2017
1 "MAP" 0.1 2017
1 "MAP" 0.15 2017
1 "MAP" 0.2 2017
1 "MAP" 0.25 2017
1 "MAP" 0.3 2017
1 "MAP" 0.35 2017
1 "MAP" 0.4 2017
1 "MAP" 0.45 2017
1 "MAP" 0.5 2017
1 "MAP" 0.55 2017
1 "MAP" 0.6 2017
1 "MAP" 0.65 2017
1 "MAP" 0.7 2017
1 "MAP" 0.75 2017
1 "MAP" 0.8 2017
1 "MAP" 0.85 2017
1 "MAP" 0.9 2017
1 "MAP" 0.95 2017
1 "MAP" 1 2017
1 "MAP" 0.05 2018
0.947121034077556 "MAP" 0.1 2018
0.947121034077556 "MAP" 0.15 2018
1 "MAP" 0.2 2018
1 "MAP" 0.25 2018
1 "MAP" 0.3 2018
1 "MAP" 0.35 2018
1 "MAP" 0.4 2018
1 "MAP" 0.45 2018
1 "MAP" 0.5 2018
1 "MAP" 0.55 2018
1 "MAP" 0.6 2018
1 "MAP" 0.65 2018
1 "MAP" 0.7 2018
1 "MAP" 0.75 2018
1 "MAP" 0.8 2018
1 "MAP" 0.85 2018
1 "MAP" 0.9 2018
1 "MAP" 0.95 2018
1 "MAP" 1 2018
0.950819672131148 "MAP" 0.05 2019
0.950819672131148 "MAP" 0.1 2019
1 "MAP" 0.15 2019
1 "MAP" 0.2 2019
1 "MAP" 0.25 2019
1 "MAP" 0.3 2019
1 "MAP" 0.35 2019
1 "MAP" 0.4 2019
1 "MAP" 0.45 2019
1 "MAP" 0.5 2019
1 "MAP" 0.55 2019
1 "MAP" 0.6 2019
1 "MAP" 0.65 2019
1 "MAP" 0.7 2019
1 "MAP" 0.75 2019
1 "MAP" 0.8 2019
1 "MAP" 0.85 2019
1 "MAP" 0.9 2019
1 "MAP" 0.95 2019
1 "MAP" 1 2019
0.64 "MAP" 0.05 2020
0.941634241245136 "MAP" 0.1 2020
1 "MAP" 0.15 2020
1 "MAP" 0.2 2020
1 "MAP" 0.25 2020
1 "MAP" 0.3 2020
1 "MAP" 0.35 2020
1 "MAP" 0.4 2020
1 "MAP" 0.45 2020
1 "MAP" 0.5 2020
1 "MAP" 0.55 2020
1 "MAP" 0.6 2020
1 "MAP" 0.65 2020
1 "MAP" 0.7 2020
1 "MAP" 0.75 2020
1 "MAP" 0.8 2020
1 "MAP" 0.85 2020
1 "MAP" 0.9 2020
1 "MAP" 0.95 2020
1 "MAP" 1 2020
1 "MAP" 0.05 2021
1 "MAP" 0.1 2021
1 "MAP" 0.15 2021
1 "MAP" 0.2 2021
1 "MAP" 0.25 2021
1 "MAP" 0.3 2021
1 "MAP" 0.35 2021
1 "MAP" 0.4 2021
1 "MAP" 0.45 2021
1 "MAP" 0.5 2021
1 "MAP" 0.55 2021
1 "MAP" 0.6 2021
1 "MAP" 0.65 2021
1 "MAP" 0.7 2021
1 "MAP" 0.75 2021
1 "MAP" 0.8 2021
1 "MAP" 0.85 2021
1 "MAP" 0.9 2021
1 "MAP" 0.95 2021
1 "MAP" 1 2021
0.950819672131148 "MAP" 0.05 2022
1 "MAP" 0.1 2022
1 "MAP" 0.15 2022
1 "MAP" 0.2 2022
1 "MAP" 0.25 2022
1 "MAP" 0.3 2022
1 "MAP" 0.35 2022
1 "MAP" 0.4 2022
1 "MAP" 0.45 2022
1 "MAP" 0.5 2022
1 "MAP" 0.55 2022
1 "MAP" 0.6 2022
1 "MAP" 0.65 2022
1 "MAP" 0.7 2022
1 "MAP" 0.75 2022
1 "MAP" 0.8 2022
1 "MAP" 0.85 2022
1 "MAP" 0.9 2022
1 "MAP" 0.95 2022
1 "MAP" 1 2022
0.84814398200225 "MAP" 0.05 2023
0.84814398200225 "MAP" 0.1 2023
1 "MAP" 0.15 2023
1 "MAP" 0.2 2023
1 "MAP" 0.25 2023
1 "MAP" 0.3 2023
1 "MAP" 0.35 2023
1 "MAP" 0.4 2023
1 "MAP" 0.45 2023
1 "MAP" 0.5 2023
1 "MAP" 0.55 2023
1 "MAP" 0.6 2023
1 "MAP" 0.65 2023
1 "MAP" 0.7 2023
1 "MAP" 0.75 2023
1 "MAP" 0.8 2023
1 "MAP" 0.85 2023
1 "MAP" 0.9 2023
1 "MAP" 0.95 2023
1 "MAP" 1 2023
0.0740740740740741 "MaxPEAR" 0.05 2015
0.0740740740740741 "MaxPEAR" 0.1 2015
0.0740740740740741 "MaxPEAR" 0.15 2015
0.0740740740740741 "MaxPEAR" 0.2 2015
0.0740740740740741 "MaxPEAR" 0.25 2015
0.0740740740740741 "MaxPEAR" 0.3 2015
0.0740740740740741 "MaxPEAR" 0.35 2015
0.0740740740740741 "MaxPEAR" 0.4 2015
0.0740740740740741 "MaxPEAR" 0.45 2015
0.0740740740740741 "MaxPEAR" 0.5 2015
0.0740740740740741 "MaxPEAR" 0.55 2015
0.0740740740740741 "MaxPEAR" 0.6 2015
0.0740740740740741 "MaxPEAR" 0.65 2015
0.0740740740740741 "MaxPEAR" 0.7 2015
0.0740740740740741 "MaxPEAR" 0.75 2015
0.0740740740740741 "MaxPEAR" 0.8 2015
0.0740740740740741 "MaxPEAR" 0.85 2015
0.0740740740740741 "MaxPEAR" 0.9 2015
0.0740740740740741 "MaxPEAR" 0.95 2015
0.0740740740740741 "MaxPEAR" 1 2015
0.102564102564103 "MaxPEAR" 0.05 2016
0.102564102564103 "MaxPEAR" 0.1 2016
0.102564102564103 "MaxPEAR" 0.15 2016
0.102564102564103 "MaxPEAR" 0.2 2016
0.318181818181818 "MaxPEAR" 0.25 2016
0.21315570358035 "MaxPEAR" 0.3 2016
0.102564102564103 "MaxPEAR" 0.35 2016
0.21315570358035 "MaxPEAR" 0.4 2016
0.396284829721362 "MaxPEAR" 0.45 2016
0.102564102564103 "MaxPEAR" 0.5 2016
0.21315570358035 "MaxPEAR" 0.55 2016
0.21315570358035 "MaxPEAR" 0.6 2016
0.21315570358035 "MaxPEAR" 0.65 2016
0.21315570358035 "MaxPEAR" 0.7 2016
0.21315570358035 "MaxPEAR" 0.75 2016
0.21315570358035 "MaxPEAR" 0.8 2016
0.21315570358035 "MaxPEAR" 0.85 2016
0.102564102564103 "MaxPEAR" 0.9 2016
0.21315570358035 "MaxPEAR" 0.95 2016
0.21315570358035 "MaxPEAR" 1 2016
0.184397163120567 "MaxPEAR" 0.05 2017
0.184397163120567 "MaxPEAR" 0.1 2017
0.184397163120567 "MaxPEAR" 0.15 2017
0.184397163120567 "MaxPEAR" 0.2 2017
0.184397163120567 "MaxPEAR" 0.25 2017
0.184397163120567 "MaxPEAR" 0.3 2017
0.184397163120567 "MaxPEAR" 0.35 2017
0.184397163120567 "MaxPEAR" 0.4 2017
0.184397163120567 "MaxPEAR" 0.45 2017
0.184397163120567 "MaxPEAR" 0.5 2017
0.184397163120567 "MaxPEAR" 0.55 2017
0.184397163120567 "MaxPEAR" 0.6 2017
0.184397163120567 "MaxPEAR" 0.65 2017
0.184397163120567 "MaxPEAR" 0.7 2017
0.184397163120567 "MaxPEAR" 0.75 2017
0.184397163120567 "MaxPEAR" 0.8 2017
0.184397163120567 "MaxPEAR" 0.85 2017
0.184397163120567 "MaxPEAR" 0.9 2017
0.184397163120567 "MaxPEAR" 0.95 2017
0.184397163120567 "MaxPEAR" 1 2017
0.39893143365984 "MaxPEAR" 0.05 2018
0.39893143365984 "MaxPEAR" 0.1 2018
0.39893143365984 "MaxPEAR" 0.15 2018
0.39893143365984 "MaxPEAR" 0.2 2018
0.39893143365984 "MaxPEAR" 0.25 2018
0.39893143365984 "MaxPEAR" 0.3 2018
0.39893143365984 "MaxPEAR" 0.35 2018
0.39893143365984 "MaxPEAR" 0.4 2018
0.39893143365984 "MaxPEAR" 0.45 2018
0.39893143365984 "MaxPEAR" 0.5 2018
0.39893143365984 "MaxPEAR" 0.55 2018
0.39893143365984 "MaxPEAR" 0.6 2018
0.39893143365984 "MaxPEAR" 0.65 2018
0.39893143365984 "MaxPEAR" 0.7 2018
0.39893143365984 "MaxPEAR" 0.75 2018
0.39893143365984 "MaxPEAR" 0.8 2018
0.39893143365984 "MaxPEAR" 0.85 2018
0.39893143365984 "MaxPEAR" 0.9 2018
0.39893143365984 "MaxPEAR" 0.95 2018
0.39893143365984 "MaxPEAR" 1 2018
0.773413897280967 "MaxPEAR" 0.05 2019
0.466727438468551 "MaxPEAR" 0.1 2019
0.466727438468551 "MaxPEAR" 0.15 2019
0.466727438468551 "MaxPEAR" 0.2 2019
0.466727438468551 "MaxPEAR" 0.25 2019
0.466727438468551 "MaxPEAR" 0.3 2019
0.466727438468551 "MaxPEAR" 0.35 2019
0.466727438468551 "MaxPEAR" 0.4 2019
0.466727438468551 "MaxPEAR" 0.45 2019
0.466727438468551 "MaxPEAR" 0.5 2019
0.466727438468551 "MaxPEAR" 0.55 2019
0.466727438468551 "MaxPEAR" 0.6 2019
0.466727438468551 "MaxPEAR" 0.65 2019
0.466727438468551 "MaxPEAR" 0.7 2019
0.466727438468551 "MaxPEAR" 0.75 2019
0.466727438468551 "MaxPEAR" 0.8 2019
0.466727438468551 "MaxPEAR" 0.85 2019
0.466727438468551 "MaxPEAR" 0.9 2019
0.466727438468551 "MaxPEAR" 0.95 2019
0.466727438468551 "MaxPEAR" 1 2019
0.33420365535248 "MaxPEAR" 0.05 2020
0.166666666666667 "MaxPEAR" 0.1 2020
0.33420365535248 "MaxPEAR" 0.15 2020
0.166666666666667 "MaxPEAR" 0.2 2020
0.166666666666667 "MaxPEAR" 0.25 2020
0.166666666666667 "MaxPEAR" 0.3 2020
0.33420365535248 "MaxPEAR" 0.35 2020
0.33420365535248 "MaxPEAR" 0.4 2020
0.33420365535248 "MaxPEAR" 0.45 2020
0.166666666666667 "MaxPEAR" 0.5 2020
0.166666666666667 "MaxPEAR" 0.55 2020
0.166666666666667 "MaxPEAR" 0.6 2020
0.33420365535248 "MaxPEAR" 0.65 2020
0.33420365535248 "MaxPEAR" 0.7 2020
0.166666666666667 "MaxPEAR" 0.75 2020
0.166666666666667 "MaxPEAR" 0.8 2020
0.33420365535248 "MaxPEAR" 0.85 2020
0.166666666666667 "MaxPEAR" 0.9 2020
0.166666666666667 "MaxPEAR" 0.95 2020
0.166666666666667 "MaxPEAR" 1 2020
1 "MaxPEAR" 0.05 2021
1 "MaxPEAR" 0.1 2021
1 "MaxPEAR" 0.15 2021
1 "MaxPEAR" 0.2 2021
1 "MaxPEAR" 0.25 2021
1 "MaxPEAR" 0.3 2021
1 "MaxPEAR" 0.35 2021
1 "MaxPEAR" 0.4 2021
1 "MaxPEAR" 0.45 2021
1 "MaxPEAR" 0.5 2021
1 "MaxPEAR" 0.55 2021
1 "MaxPEAR" 0.6 2021
1 "MaxPEAR" 0.65 2021
1 "MaxPEAR" 0.7 2021
1 "MaxPEAR" 0.75 2021
1 "MaxPEAR" 0.8 2021
1 "MaxPEAR" 0.85 2021
1 "MaxPEAR" 0.9 2021
1 "MaxPEAR" 0.95 2021
1 "MaxPEAR" 1 2021
0.651162790697674 "MaxPEAR" 0.05 2022
0.651162790697674 "MaxPEAR" 0.1 2022
0.242424242424242 "MaxPEAR" 0.15 2022
0.242424242424242 "MaxPEAR" 0.2 2022
0.242424242424242 "MaxPEAR" 0.25 2022
0.242424242424242 "MaxPEAR" 0.3 2022
0.651162790697674 "MaxPEAR" 0.35 2022
0.242424242424242 "MaxPEAR" 0.4 2022
0.242424242424242 "MaxPEAR" 0.45 2022
0.242424242424242 "MaxPEAR" 0.5 2022
0.242424242424242 "MaxPEAR" 0.55 2022
0.242424242424242 "MaxPEAR" 0.6 2022
0.242424242424242 "MaxPEAR" 0.65 2022
0.242424242424242 "MaxPEAR" 0.7 2022
0.242424242424242 "MaxPEAR" 0.75 2022
0.242424242424242 "MaxPEAR" 0.8 2022
0.242424242424242 "MaxPEAR" 0.85 2022
0.651162790697674 "MaxPEAR" 0.9 2022
0.242424242424242 "MaxPEAR" 0.95 2022
0.242424242424242 "MaxPEAR" 1 2022
0.816326530612245 "MaxPEAR" 0.05 2023
0.242424242424242 "MaxPEAR" 0.1 2023
0.242424242424242 "MaxPEAR" 0.15 2023
0.816326530612245 "MaxPEAR" 0.2 2023
0.773413897280967 "MaxPEAR" 0.25 2023
0.816326530612245 "MaxPEAR" 0.3 2023
0.242424242424242 "MaxPEAR" 0.35 2023
0.773413897280967 "MaxPEAR" 0.4 2023
0.242424242424242 "MaxPEAR" 0.45 2023
0.242424242424242 "MaxPEAR" 0.5 2023
0.773413897280967 "MaxPEAR" 0.55 2023
0.242424242424242 "MaxPEAR" 0.6 2023
0.242424242424242 "MaxPEAR" 0.65 2023
0.242424242424242 "MaxPEAR" 0.7 2023
0.242424242424242 "MaxPEAR" 0.75 2023
0.242424242424242 "MaxPEAR" 0.8 2023
0.242424242424242 "MaxPEAR" 0.85 2023
0.816326530612245 "MaxPEAR" 0.9 2023
0.242424242424242 "MaxPEAR" 0.95 2023
0.242424242424242 "MaxPEAR" 1 2023
0.43609022556391 "MinBinder" 0.05 2015
0.170854271356784 "MinBinder" 0.1 2015
0.170854271356784 "MinBinder" 0.15 2015
0.43609022556391 "MinBinder" 0.2 2015
0.170854271356784 "MinBinder" 0.25 2015
0.170854271356784 "MinBinder" 0.3 2015
0.170854271356784 "MinBinder" 0.35 2015
0.170854271356784 "MinBinder" 0.4 2015
0.170854271356784 "MinBinder" 0.45 2015
0.170854271356784 "MinBinder" 0.5 2015
0.170854271356784 "MinBinder" 0.55 2015
0.170854271356784 "MinBinder" 0.6 2015
0.170854271356784 "MinBinder" 0.65 2015
0.170854271356784 "MinBinder" 0.7 2015
0.170854271356784 "MinBinder" 0.75 2015
0.170854271356784 "MinBinder" 0.8 2015
0.170854271356784 "MinBinder" 0.85 2015
0.170854271356784 "MinBinder" 0.9 2015
0.170854271356784 "MinBinder" 0.95 2015
0.170854271356784 "MinBinder" 1 2015
0.489795918367347 "MinBinder" 0.05 2016
0.232081911262799 "MinBinder" 0.1 2016
0.3687374749499 "MinBinder" 0.15 2016
0.489795918367347 "MinBinder" 0.2 2016
0.647519582245431 "MinBinder" 0.25 2016
0.3687374749499 "MinBinder" 0.3 2016
0.3687374749499 "MinBinder" 0.35 2016
0.3687374749499 "MinBinder" 0.4 2016
0.489795918367347 "MinBinder" 0.45 2016
0.489795918367347 "MinBinder" 0.5 2016
0.3687374749499 "MinBinder" 0.55 2016
0.3687374749499 "MinBinder" 0.6 2016
0.3687374749499 "MinBinder" 0.65 2016
0.3687374749499 "MinBinder" 0.7 2016
0.3687374749499 "MinBinder" 0.75 2016
0.3687374749499 "MinBinder" 0.8 2016
0.3687374749499 "MinBinder" 0.85 2016
0.489795918367347 "MinBinder" 0.9 2016
0.3687374749499 "MinBinder" 0.95 2016
0.3687374749499 "MinBinder" 1 2016
0.757281553398058 "MinBinder" 0.05 2017
0.757281553398058 "MinBinder" 0.1 2017
0.395702775290958 "MinBinder" 0.15 2017
0.395702775290958 "MinBinder" 0.2 2017
0.395702775290958 "MinBinder" 0.25 2017
0.395702775290958 "MinBinder" 0.3 2017
0.395702775290958 "MinBinder" 0.35 2017
0.395702775290958 "MinBinder" 0.4 2017
0.395702775290958 "MinBinder" 0.45 2017
0.395702775290958 "MinBinder" 0.5 2017
0.395702775290958 "MinBinder" 0.55 2017
0.395702775290958 "MinBinder" 0.6 2017
0.395702775290958 "MinBinder" 0.65 2017
0.395702775290958 "MinBinder" 0.7 2017
0.395702775290958 "MinBinder" 0.75 2017
0.395702775290958 "MinBinder" 0.8 2017
0.395702775290958 "MinBinder" 0.85 2017
0.395702775290958 "MinBinder" 0.9 2017
0.395702775290958 "MinBinder" 0.95 2017
0.395702775290958 "MinBinder" 1 2017
1 "MinBinder" 0.05 2018
1 "MinBinder" 0.1 2018
1 "MinBinder" 0.15 2018
1 "MinBinder" 0.2 2018
1 "MinBinder" 0.25 2018
1 "MinBinder" 0.3 2018
1 "MinBinder" 0.35 2018
1 "MinBinder" 0.4 2018
1 "MinBinder" 0.45 2018
1 "MinBinder" 0.5 2018
1 "MinBinder" 0.55 2018
1 "MinBinder" 0.6 2018
1 "MinBinder" 0.65 2018
1 "MinBinder" 0.7 2018
1 "MinBinder" 0.75 2018
1 "MinBinder" 0.8 2018
1 "MinBinder" 0.85 2018
1 "MinBinder" 0.9 2018
1 "MinBinder" 0.95 2018
1 "MinBinder" 1 2018
0.952178533475027 "MinBinder" 0.05 2019
0.731610337972167 "MinBinder" 0.1 2019
0.731610337972167 "MinBinder" 0.15 2019
0.731610337972167 "MinBinder" 0.2 2019
0.731610337972167 "MinBinder" 0.25 2019
0.731610337972167 "MinBinder" 0.3 2019
0.731610337972167 "MinBinder" 0.35 2019
0.731610337972167 "MinBinder" 0.4 2019
0.731610337972167 "MinBinder" 0.45 2019
0.731610337972167 "MinBinder" 0.5 2019
0.731610337972167 "MinBinder" 0.55 2019
0.731610337972167 "MinBinder" 0.6 2019
0.731610337972167 "MinBinder" 0.65 2019
0.731610337972167 "MinBinder" 0.7 2019
0.731610337972167 "MinBinder" 0.75 2019
0.731610337972167 "MinBinder" 0.8 2019
0.731610337972167 "MinBinder" 0.85 2019
0.731610337972167 "MinBinder" 0.9 2019
0.731610337972167 "MinBinder" 0.95 2019
0.952178533475027 "MinBinder" 1 2019
0.550898203592814 "MinBinder" 0.05 2020
0.550898203592814 "MinBinder" 0.1 2020
0.892086330935252 "MinBinder" 0.15 2020
0.550898203592814 "MinBinder" 0.2 2020
0.550898203592814 "MinBinder" 0.25 2020
0.794520547945205 "MinBinder" 0.3 2020
0.550898203592814 "MinBinder" 0.35 2020
0.550898203592814 "MinBinder" 0.4 2020
0.749163879598662 "MinBinder" 0.45 2020
0.550898203592814 "MinBinder" 0.5 2020
0.550898203592814 "MinBinder" 0.55 2020
0.550898203592814 "MinBinder" 0.6 2020
0.550898203592814 "MinBinder" 0.65 2020
0.550898203592814 "MinBinder" 0.7 2020
0.550898203592814 "MinBinder" 0.75 2020
0.550898203592814 "MinBinder" 0.8 2020
0.550898203592814 "MinBinder" 0.85 2020
0.550898203592814 "MinBinder" 0.9 2020
0.550898203592814 "MinBinder" 0.95 2020
0.550898203592814 "MinBinder" 1 2020
1 "MinBinder" 0.05 2021
1 "MinBinder" 0.1 2021
1 "MinBinder" 0.15 2021
1 "MinBinder" 0.2 2021
1 "MinBinder" 0.25 2021
1 "MinBinder" 0.3 2021
1 "MinBinder" 0.35 2021
1 "MinBinder" 0.4 2021
1 "MinBinder" 0.45 2021
1 "MinBinder" 0.5 2021
1 "MinBinder" 0.55 2021
1 "MinBinder" 0.6 2021
1 "MinBinder" 0.65 2021
1 "MinBinder" 0.7 2021
1 "MinBinder" 0.75 2021
1 "MinBinder" 0.8 2021
1 "MinBinder" 0.85 2021
1 "MinBinder" 0.9 2021
1 "MinBinder" 0.95 2021
1 "MinBinder" 1 2021
0.905660377358491 "MinBinder" 0.05 2022
0.905660377358491 "MinBinder" 0.1 2022
0.731610337972167 "MinBinder" 0.15 2022
0.731610337972167 "MinBinder" 0.2 2022
0.731610337972167 "MinBinder" 0.25 2022
0.731610337972167 "MinBinder" 0.3 2022
0.905660377358491 "MinBinder" 0.35 2022
0.731610337972167 "MinBinder" 0.4 2022
0.731610337972167 "MinBinder" 0.45 2022
0.731610337972167 "MinBinder" 0.5 2022
0.731610337972167 "MinBinder" 0.55 2022
0.731610337972167 "MinBinder" 0.6 2022
0.731610337972167 "MinBinder" 0.65 2022
0.731610337972167 "MinBinder" 0.7 2022
0.731610337972167 "MinBinder" 0.75 2022
0.731610337972167 "MinBinder" 0.8 2022
0.731610337972167 "MinBinder" 0.85 2022
0.905660377358491 "MinBinder" 0.9 2022
0.731610337972167 "MinBinder" 0.95 2022
0.731610337972167 "MinBinder" 1 2022
1 "MinBinder" 0.05 2023
1 "MinBinder" 0.1 2023
1 "MinBinder" 0.15 2023
1 "MinBinder" 0.2 2023
1 "MinBinder" 0.25 2023
1 "MinBinder" 0.3 2023
1 "MinBinder" 0.35 2023
1 "MinBinder" 0.4 2023
1 "MinBinder" 0.45 2023
1 "MinBinder" 0.5 2023
1 "MinBinder" 0.55 2023
1 "MinBinder" 0.6 2023
1 "MinBinder" 0.65 2023
1 "MinBinder" 0.7 2023
1 "MinBinder" 0.75 2023
1 "MinBinder" 0.8 2023
1 "MinBinder" 0.85 2023
1 "MinBinder" 0.9 2023
1 "MinBinder" 0.95 2023
1 "MinBinder" 1 2023
1 "Medv." 0.05 2015
1 "Medv." 0.1 2015
1 "Medv." 0.15 2015
1 "Medv." 0.2 2015
1 "Medv." 0.25 2015
1 "Medv." 0.3 2015
1 "Medv." 0.35 2015
1 "Medv." 0.4 2015
1 "Medv." 0.45 2015
1 "Medv." 0.5 2015
1 "Medv." 0.55 2015
1 "Medv." 0.6 2015
1 "Medv." 0.65 2015
1 "Medv." 0.7 2015
1 "Medv." 0.75 2015
1 "Medv." 0.8 2015
1 "Medv." 0.85 2015
1 "Medv." 0.9 2015
1 "Medv." 0.95 2015
1 "Medv." 1 2015
0.489795918367347 "Medv." 0.05 2016
1 "Medv." 0.1 2016
1 "Medv." 0.15 2016
1 "Medv." 0.2 2016
1 "Medv." 0.25 2016
1 "Medv." 0.3 2016
1 "Medv." 0.35 2016
1 "Medv." 0.4 2016
1 "Medv." 0.45 2016
1 "Medv." 0.5 2016
1 "Medv." 0.55 2016
1 "Medv." 0.6 2016
1 "Medv." 0.65 2016
1 "Medv." 0.7 2016
1 "Medv." 0.75 2016
1 "Medv." 0.8 2016
1 "Medv." 0.85 2016
1 "Medv." 0.9 2016
1 "Medv." 0.95 2016
1 "Medv." 1 2016
0.757281553398058 "Medv." 0.05 2017
1 "Medv." 0.1 2017
1 "Medv." 0.15 2017
1 "Medv." 0.2 2017
1 "Medv." 0.25 2017
1 "Medv." 0.3 2017
1 "Medv." 0.35 2017
1 "Medv." 0.4 2017
1 "Medv." 0.45 2017
1 "Medv." 0.5 2017
1 "Medv." 0.55 2017
1 "Medv." 0.6 2017
1 "Medv." 0.65 2017
1 "Medv." 0.7 2017
1 "Medv." 0.75 2017
1 "Medv." 0.8 2017
1 "Medv." 0.85 2017
1 "Medv." 0.9 2017
1 "Medv." 0.95 2017
1 "Medv." 1 2017
1 "Medv." 0.05 2018
1 "Medv." 0.1 2018
1 "Medv." 0.15 2018
1 "Medv." 0.2 2018
1 "Medv." 0.25 2018
1 "Medv." 0.3 2018
1 "Medv." 0.35 2018
1 "Medv." 0.4 2018
1 "Medv." 0.45 2018
1 "Medv." 0.5 2018
1 "Medv." 0.55 2018
1 "Medv." 0.6 2018
1 "Medv." 0.65 2018
1 "Medv." 0.7 2018
1 "Medv." 0.75 2018
1 "Medv." 0.8 2018
1 "Medv." 0.85 2018
1 "Medv." 0.9 2018
1 "Medv." 0.95 2018
1 "Medv." 1 2018
0.466727438468551 "Medv." 0.05 2019
1 "Medv." 0.1 2019
1 "Medv." 0.15 2019
1 "Medv." 0.2 2019
1 "Medv." 0.25 2019
1 "Medv." 0.3 2019
1 "Medv." 0.35 2019
1 "Medv." 0.4 2019
1 "Medv." 0.45 2019
1 "Medv." 0.5 2019
1 "Medv." 0.55 2019
1 "Medv." 0.6 2019
1 "Medv." 0.65 2019
1 "Medv." 0.7 2019
1 "Medv." 0.75 2019
1 "Medv." 0.8 2019
1 "Medv." 0.85 2019
1 "Medv." 0.9 2019
1 "Medv." 0.95 2019
1 "Medv." 1 2019
0.64 "Medv." 0.05 2020
1 "Medv." 0.1 2020
1 "Medv." 0.15 2020
1 "Medv." 0.2 2020
1 "Medv." 0.25 2020
1 "Medv." 0.3 2020
1 "Medv." 0.35 2020
1 "Medv." 0.4 2020
1 "Medv." 0.45 2020
1 "Medv." 0.5 2020
1 "Medv." 0.55 2020
1 "Medv." 0.6 2020
1 "Medv." 0.65 2020
1 "Medv." 0.7 2020
1 "Medv." 0.75 2020
1 "Medv." 0.8 2020
1 "Medv." 0.85 2020
1 "Medv." 0.9 2020
1 "Medv." 0.95 2020
1 "Medv." 1 2020
1 "Medv." 0.05 2021
1 "Medv." 0.1 2021
1 "Medv." 0.15 2021
1 "Medv." 0.2 2021
1 "Medv." 0.25 2021
1 "Medv." 0.3 2021
1 "Medv." 0.35 2021
1 "Medv." 0.4 2021
1 "Medv." 0.45 2021
1 "Medv." 0.5 2021
1 "Medv." 0.55 2021
1 "Medv." 0.6 2021
1 "Medv." 0.65 2021
1 "Medv." 0.7 2021
1 "Medv." 0.75 2021
1 "Medv." 0.8 2021
1 "Medv." 0.85 2021
1 "Medv." 0.9 2021
1 "Medv." 0.95 2021
1 "Medv." 1 2021
1 "Medv." 0.05 2022
0.905660377358491 "Medv." 0.1 2022
1 "Medv." 0.15 2022
1 "Medv." 0.2 2022
1 "Medv." 0.25 2022
1 "Medv." 0.3 2022
1 "Medv." 0.35 2022
1 "Medv." 0.4 2022
1 "Medv." 0.45 2022
1 "Medv." 0.5 2022
1 "Medv." 0.55 2022
1 "Medv." 0.6 2022
1 "Medv." 0.65 2022
1 "Medv." 0.7 2022
1 "Medv." 0.75 2022
1 "Medv." 0.8 2022
1 "Medv." 0.85 2022
1 "Medv." 0.9 2022
1 "Medv." 0.95 2022
1 "Medv." 1 2022
1 "Medv." 0.05 2023
1 "Medv." 0.1 2023
1 "Medv." 0.15 2023
1 "Medv." 0.2 2023
1 "Medv." 0.25 2023
1 "Medv." 0.3 2023
1 "Medv." 0.35 2023
1 "Medv." 0.4 2023
1 "Medv." 0.45 2023
1 "Medv." 0.5 2023
1 "Medv." 0.55 2023
1 "Medv." 0.6 2023
1 "Medv." 0.65 2023
1 "Medv." 0.7 2023
1 "Medv." 0.75 2023
1 "Medv." 0.8 2023
1 "Medv." 0.85 2023
1 "Medv." 0.9 2023
1 "Medv." 0.95 2023
1 "Medv." 1 2023
0.73928157589803 "MAP" 0.05 2026
0.73928157589803 "MAP" 0.1 2026
1 "MAP" 0.15 2026
1 "MAP" 0.2 2026
1 "MAP" 0.25 2026
1 "MAP" 0.3 2026
1 "MAP" 0.35 2026
1 "MAP" 0.4 2026
1 "MAP" 0.45 2026
1 "MAP" 0.5 2026
1 "MAP" 0.55 2026
1 "MAP" 0.6 2026
1 "MAP" 0.65 2026
1 "MAP" 0.7 2026
1 "MAP" 0.75 2026
1 "MAP" 0.8 2026
1 "MAP" 0.85 2026
1 "MAP" 0.9 2026
1 "MAP" 0.95 2026
1 "MAP" 1 2026
0.242424242424242 "MaxPEAR" 0.05 2026
0.242424242424242 "MaxPEAR" 0.1 2026
0.242424242424242 "MaxPEAR" 0.15 2026
0.242424242424242 "MaxPEAR" 0.2 2026
0.242424242424242 "MaxPEAR" 0.25 2026
0.242424242424242 "MaxPEAR" 0.3 2026
0.242424242424242 "MaxPEAR" 0.35 2026
0.242424242424242 "MaxPEAR" 0.4 2026
0.242424242424242 "MaxPEAR" 0.45 2026
0.242424242424242 "MaxPEAR" 0.5 2026
0.242424242424242 "MaxPEAR" 0.55 2026
0.242424242424242 "MaxPEAR" 0.6 2026
0.242424242424242 "MaxPEAR" 0.65 2026
0.242424242424242 "MaxPEAR" 0.7 2026
0.242424242424242 "MaxPEAR" 0.75 2026
0.242424242424242 "MaxPEAR" 0.8 2026
0.242424242424242 "MaxPEAR" 0.85 2026
0.242424242424242 "MaxPEAR" 0.9 2026
0.242424242424242 "MaxPEAR" 0.95 2026
0.242424242424242 "MaxPEAR" 1 2026
0.905660377358491 "MinBinder" 0.05 2026
0.731610337972167 "MinBinder" 0.1 2026
0.731610337972167 "MinBinder" 0.15 2026
0.905660377358491 "MinBinder" 0.2 2026
0.731610337972167 "MinBinder" 0.25 2026
0.731610337972167 "MinBinder" 0.3 2026
0.731610337972167 "MinBinder" 0.35 2026
0.731610337972167 "MinBinder" 0.4 2026
0.731610337972167 "MinBinder" 0.45 2026
0.731610337972167 "MinBinder" 0.5 2026
0.731610337972167 "MinBinder" 0.55 2026
0.731610337972167 "MinBinder" 0.6 2026
0.731610337972167 "MinBinder" 0.65 2026
0.731610337972167 "MinBinder" 0.7 2026
0.731610337972167 "MinBinder" 0.75 2026
0.731610337972167 "MinBinder" 0.8 2026
0.731610337972167 "MinBinder" 0.85 2026
0.731610337972167 "MinBinder" 0.9 2026
0.731610337972167 "MinBinder" 0.95 2026
0.731610337972167 "MinBinder" 1 2026
0.905660377358491 "Medv." 0.05 2026
0.731610337972167 "Medv." 0.1 2026
0.731610337972167 "Medv." 0.15 2026
1 "Medv." 0.2 2026
1 "Medv." 0.25 2026
1 "Medv." 0.3 2026
1 "Medv." 0.35 2026
1 "Medv." 0.4 2026
1 "Medv." 0.45 2026
1 "Medv." 0.5 2026
1 "Medv." 0.55 2026
1 "Medv." 0.6 2026
1 "Medv." 0.65 2026
1 "Medv." 0.7 2026
1 "Medv." 0.75 2026
1 "Medv." 0.8 2026
1 "Medv." 0.85 2026
1 "Medv." 0.9 2026
1 "Medv." 0.95 2026
1 "Medv." 1 2026
